0.001001 5.01002e-07 1000 0.00543332
0 0
0.001001 0.025225
0.002002 0.05045
0.003003 0.0755744
0.004004 0.100699
0.00500501 0.125623
0.00600601 0.150547
0.00700701 0.175174
0.00800801 0.199801
0.00900901 0.224036
0.01001 0.248272
0.011011 0.272028
0.012012 0.295784
0.013013 0.318977
0.014014 0.34217
0.015015 0.364722
0.016016 0.387274
0.017017 0.409116
0.018018 0.430958
0.019019 0.452027
0.02002 0.473097
0.021021 0.49334
0.022022 0.513583
0.023023 0.532955
0.024024 0.552327
0.025025 0.57079
0.026026 0.589254
0.027027 0.606782
0.028028 0.62431
0.029029 0.640883
0.03003 0.657456
0.031031 0.673063
0.032032 0.688671
0.033033 0.703311
0.034034 0.71795
0.035035 0.731627
0.036036 0.745304
0.037037 0.758031
0.038038 0.770757
0.039039 0.782552
0.04004 0.794346
0.041041 0.805234
0.042042 0.816121
0.043043 0.826131
0.044044 0.83614
0.045045 0.845306
0.046046 0.854472
0.047047 0.862832
0.048048 0.871192
0.049049 0.878786
0.0500501 0.88638
0.0510511 0.89325
0.0520521 0.900121
0.0530531 0.906313
0.0540541 0.912504
0.0550551 0.918061
0.0560561 0.923618
0.0570571 0.928586
0.0580581 0.933554
0.0590591 0.937977
0.0600601 0.9424
0.0610611 0.946322
0.0620621 0.950244
0.0630631 0.953709
0.0640641 0.957173
0.0650651 0.960221
0.0660661 0.963268
0.0670671 0.965939
0.0680681 0.968609
0.0690691 0.970939
0.0700701 0.973269
0.0710711 0.975294
0.0720721 0.97732
0.0730731 0.979073
0.0740741 0.980826
0.0750751 0.982338
0.0760761 0.983849
0.0770771 0.985148
0.0780781 0.986446
0.0790791 0.987556
0.0800801 0.988666
0.0810811 0.989612
0.0820821 0.990558
0.0830831 0.99136
0.0840841 0.992162
0.0850851 0.992841
0.0860861 0.993519
0.0870871 0.994089
0.0880881 0.99466
0.0890891 0.995138
0.0900901 0.995617
0.0910911 0.996016
0.0920921 0.996415
0.0930931 0.996747
0.0940941 0.997079
0.0950951 0.997354
0.0960961 0.997629
0.0970971 0.997856
0.0980981 0.998083
0.0990991 0.998269
0.1001 0.998456
0.101101 0.998608
0.102102 0.998761
0.103103 0.998885
0.104104 0.999009
0.105105 0.99911
0.106106 0.999211
0.107107 0.999292
0.108108 0.999374
0.109109 0.999439
0.11011 0.999505
0.111111 0.999558
0.112112 0.99961
0.113113 0.999652
0.114114 0.999694
0.115115 0.999728
0.116116 0.999761
0.117117 0.999788
0.118118 0.999814
0.119119 0.999835
0.12012 0.999856
0.121121 0.999872
0.122122 0.999889
0.123123 0.999901
0.124124 0.999914
0.125125 0.999924
0.126126 0.999934
0.127127 0.999942
0.128128 0.99995
0.129129 0.999956
0.13013 0.999962
0.131131 0.999966
0.132132 0.999971
0.133133 0.999975
0.134134 0.999978
0.135135 0.999981
0.136136 0.999984
0.137137 0.999986
0.138138 0.999988
0.139139 0.999989
0.14014 0.999991
0.141141 0.999992
0.142142 0.999993
0.143143 0.999994
0.144144 0.999995
0.145145 0.999996
0.146146 0.999996
0.147147 0.999997
0.148148 0.999997
0.149149 0.999998
0.15015 0.999998
0.151151 0.999998
0.152152 0.999999
0.153153 0.999999
0.154154 0.999999
0.155155 0.999999
0.156156 0.999999
0.157157 0.999999
0.158158 0.999999
0.159159 1
0.16016 1
0.161161 1
0.162162 1
0.163163 1
0.164164 1
0.165165 1
0.166166 1
0.167167 1
0.168168 1
0.169169 1
0.17017 1
0.171171 1
0.172172 1
0.173173 1
0.174174 1
0.175175 1
0.176176 1
0.177177 1
0.178178 1
0.179179 1
0.18018 1
0.181181 1
0.182182 1
0.183183 1
0.184184 1
0.185185 1
0.186186 1
0.187187 1
0.188188 1
0.189189 1
0.19019 1
0.191191 1
0.192192 1
0.193193 1
0.194194 1
0.195195 1
0.196196 1
0.197197 1
0.198198 1
0.199199 1
0.2002 1
0.201201 1
0.202202 1
0.203203 1
0.204204 1
0.205205 1
0.206206 1
0.207207 1
0.208208 1
0.209209 1
0.21021 1
0.211211 1
0.212212 1
0.213213 1
0.214214 1
0.215215 1
0.216216 1
0.217217 1
0.218218 1
0.219219 1
0.22022 1
0.221221 1
0.222222 1
0.223223 1
0.224224 1
0.225225 1
0.226226 1
0.227227 1
0.228228 1
0.229229 1
0.23023 1
0.231231 1
0.232232 1
0.233233 1
0.234234 1
0.235235 1
0.236236 1
0.237237 1
0.238238 1
0.239239 1
0.24024 1
0.241241 1
0.242242 1
0.243243 1
0.244244 1
0.245245 1
0.246246 1
0.247247 1
0.248248 1
0.249249 1
0.25025 1
0.251251 1
0.252252 1
0.253253 1
0.254254 1
0.255255 1
0.256256 1
0.257257 1
0.258258 1
0.259259 1
0.26026 1
0.261261 1
0.262262 1
0.263263 1
0.264264 1
0.265265 1
0.266266 1
0.267267 1
0.268268 1
0.269269 1
0.27027 1
0.271271 1
0.272272 1
0.273273 1
0.274274 1
0.275275 1
0.276276 1
0.277277 1
0.278278 1
0.279279 1
0.28028 1
0.281281 1
0.282282 1
0.283283 1
0.284284 1
0.285285 1
0.286286 1
0.287287 1
0.288288 1
0.289289 1
0.29029 1
0.291291 1
0.292292 1
0.293293 1
0.294294 1
0.295295 1
0.296296 1
0.297297 1
0.298298 1
0.299299 1
0.3003 1
0.301301 1
0.302302 1
0.303303 1
0.304304 1
0.305305 1
0.306306 1
0.307307 1
0.308308 1
0.309309 1
0.31031 1
0.311311 1
0.312312 1
0.313313 1
0.314314 1
0.315315 1
0.316316 1
0.317317 1
0.318318 1
0.319319 1
0.32032 1
0.321321 1
0.322322 1
0.323323 1
0.324324 1
0.325325 1
0.326326 1
0.327327 1
0.328328 1
0.329329 1
0.33033 1
0.331331 1
0.332332 1
0.333333 1
0.334334 1
0.335335 1
0.336336 1
0.337337 1
0.338338 1
0.339339 1
0.34034 1
0.341341 1
0.342342 1
0.343343 1
0.344344 1
0.345345 1
0.346346 1
0.347347 1
0.348348 1
0.349349 1
0.35035 1
0.351351 1
0.352352 1
0.353353 1
0.354354 1
0.355355 1
0.356356 1
0.357357 1
0.358358 1
0.359359 1
0.36036 1
0.361361 1
0.362362 1
0.363363 1
0.364364 1
0.365365 1
0.366366 1
0.367367 1
0.368368 1
0.369369 1
0.37037 1
0.371371 1
0.372372 1
0.373373 1
0.374374 1
0.375375 1
0.376376 1
0.377377 1
0.378378 1
0.379379 1
0.38038 1
0.381381 1
0.382382 1
0.383383 1
0.384384 1
0.385385 1
0.386386 1
0.387387 1
0.388388 1
0.389389 1
0.39039 1
0.391391 1
0.392392 1
0.393393 1
0.394394 1
0.395395 1
0.396396 1
0.397397 1
0.398398 1
0.399399 1
0.4004 1
0.401401 1
0.402402 1
0.403403 1
0.404404 1
0.405405 1
0.406406 1
0.407407 1
0.408408 1
0.409409 1
0.41041 1
0.411411 1
0.412412 1
0.413413 1
0.414414 1
0.415415 1
0.416416 1
0.417417 1
0.418418 1
0.419419 1
0.42042 1
0.421421 1
0.422422 1
0.423423 1
0.424424 1
0.425425 1
0.426426 1
0.427427 1
0.428428 1
0.429429 1
0.43043 1
0.431431 1
0.432432 1
0.433433 1
0.434434 1
0.435435 1
0.436436 1
0.437437 1
0.438438 1
0.439439 1
0.44044 1
0.441441 1
0.442442 1
0.443443 1
0.444444 1
0.445445 1
0.446446 1
0.447447 1
0.448448 1
0.449449 1
0.45045 1
0.451451 1
0.452452 1
0.453453 1
0.454454 1
0.455455 1
0.456456 1
0.457457 1
0.458458 1
0.459459 1
0.46046 1
0.461461 1
0.462462 1
0.463463 1
0.464464 1
0.465465 1
0.466466 1
0.467467 1
0.468468 1
0.469469 1
0.47047 1
0.471471 1
0.472472 1
0.473473 1
0.474474 1
0.475475 1
0.476476 1
0.477477 1
0.478478 1
0.479479 1
0.48048 1
0.481481 1
0.482482 1
0.483483 1
0.484484 1
0.485485 1
0.486486 1
0.487487 1
0.488488 1
0.489489 1
0.49049 1
0.491491 1
0.492492 1
0.493493 1
0.494494 1
0.495495 1
0.496496 1
0.497497 1
0.498498 1
0.499499 1
0.500501 1
0.501502 1
0.502503 1
0.503504 1
0.504505 1
0.505506 1
0.506507 1
0.507508 1
0.508509 1
0.50951 1
0.510511 1
0.511512 1
0.512513 1
0.513514 1
0.514515 1
0.515516 1
0.516517 1
0.517518 1
0.518519 1
0.51952 1
0.520521 1
0.521522 1
0.522523 1
0.523524 1
0.524525 1
0.525526 1
0.526527 1
0.527528 1
0.528529 1
0.52953 1
0.530531 1
0.531532 1
0.532533 1
0.533534 1
0.534535 1
0.535536 1
0.536537 1
0.537538 1
0.538539 1
0.53954 1
0.540541 1
0.541542 1
0.542543 1
0.543544 1
0.544545 1
0.545546 1
0.546547 1
0.547548 1
0.548549 1
0.54955 1
0.550551 1
0.551552 1
0.552553 1
0.553554 1
0.554555 1
0.555556 1
0.556557 1
0.557558 1
0.558559 1
0.55956 1
0.560561 1
0.561562 1
0.562563 1
0.563564 1
0.564565 1
0.565566 1
0.566567 1
0.567568 1
0.568569 1
0.56957 1
0.570571 1
0.571572 1
0.572573 1
0.573574 1
0.574575 1
0.575576 1
0.576577 1
0.577578 1
0.578579 1
0.57958 1
0.580581 1
0.581582 1
0.582583 1
0.583584 1
0.584585 1
0.585586 1
0.586587 1
0.587588 1
0.588589 1
0.58959 1
0.590591 1
0.591592 1
0.592593 1
0.593594 1
0.594595 1
0.595596 1
0.596597 1
0.597598 1
0.598599 1
0.5996 1
0.600601 1
0.601602 1
0.602603 1
0.603604 1
0.604605 1
0.605606 1
0.606607 1
0.607608 1
0.608609 1
0.60961 1
0.610611 1
0.611612 1
0.612613 1
0.613614 1
0.614615 1
0.615616 1
0.616617 1
0.617618 1
0.618619 1
0.61962 1
0.620621 1
0.621622 1
0.622623 1
0.623624 1
0.624625 1
0.625626 1
0.626627 1
0.627628 1
0.628629 1
0.62963 1
0.630631 1
0.631632 1
0.632633 1
0.633634 1
0.634635 1
0.635636 1
0.636637 1
0.637638 1
0.638639 1
0.63964 1
0.640641 1
0.641642 1
0.642643 1
0.643644 1
0.644645 1
0.645646 1
0.646647 1
0.647648 1
0.648649 1
0.64965 1
0.650651 1
0.651652 1
0.652653 1
0.653654 1
0.654655 1
0.655656 1
0.656657 1
0.657658 1
0.658659 1
0.65966 1
0.660661 1
0.661662 1
0.662663 1
0.663664 1
0.664665 1
0.665666 1
0.666667 1
0.667668 1
0.668669 1
0.66967 1
0.670671 1
0.671672 1
0.672673 1
0.673674 1
0.674675 1
0.675676 1
0.676677 1
0.677678 1
0.678679 1
0.67968 1
0.680681 1
0.681682 1
0.682683 1
0.683684 1
0.684685 1
0.685686 1
0.686687 1
0.687688 1
0.688689 1
0.68969 1
0.690691 1
0.691692 1
0.692693 1
0.693694 1
0.694695 1
0.695696 1
0.696697 1
0.697698 1
0.698699 1
0.6997 1
0.700701 1
0.701702 1
0.702703 1
0.703704 1
0.704705 1
0.705706 1
0.706707 1
0.707708 1
0.708709 1
0.70971 1
0.710711 1
0.711712 1
0.712713 1
0.713714 1
0.714715 1
0.715716 1
0.716717 1
0.717718 1
0.718719 1
0.71972 1
0.720721 1
0.721722 1
0.722723 1
0.723724 1
0.724725 1
0.725726 1
0.726727 1
0.727728 1
0.728729 1
0.72973 1
0.730731 1
0.731732 1
0.732733 1
0.733734 1
0.734735 1
0.735736 1
0.736737 1
0.737738 1
0.738739 1
0.73974 1
0.740741 1
0.741742 1
0.742743 1
0.743744 1
0.744745 1
0.745746 1
0.746747 1
0.747748 1
0.748749 1
0.74975 1
0.750751 1
0.751752 1
0.752753 1
0.753754 1
0.754755 1
0.755756 1
0.756757 1
0.757758 1
0.758759 1
0.75976 1
0.760761 1
0.761762 1
0.762763 1
0.763764 1
0.764765 1
0.765766 1
0.766767 1
0.767768 1
0.768769 1
0.76977 1
0.770771 1
0.771772 1
0.772773 1
0.773774 1
0.774775 1
0.775776 1
0.776777 1
0.777778 1
0.778779 1
0.77978 1
0.780781 1
0.781782 1
0.782783 1
0.783784 1
0.784785 1
0.785786 1
0.786787 1
0.787788 1
0.788789 1
0.78979 1
0.790791 1
0.791792 1
0.792793 1
0.793794 1
0.794795 1
0.795796 1
0.796797 1
0.797798 1
0.798799 1
0.7998 1
0.800801 1
0.801802 1
0.802803 1
0.803804 1
0.804805 1
0.805806 1
0.806807 1
0.807808 1
0.808809 1
0.80981 1
0.810811 1
0.811812 1
0.812813 1
0.813814 1
0.814815 1
0.815816 1
0.816817 1
0.817818 1
0.818819 1
0.81982 1
0.820821 1
0.821822 1
0.822823 1
0.823824 1
0.824825 1
0.825826 1
0.826827 1
0.827828 1
0.828829 1
0.82983 1
0.830831 1
0.831832 1
0.832833 1
0.833834 1
0.834835 1
0.835836 1
0.836837 1
0.837838 1
0.838839 1
0.83984 1
0.840841 1
0.841842 0.999999
0.842843 0.999999
0.843844 0.999999
0.844845 0.999999
0.845846 0.999999
0.846847 0.999999
0.847848 0.999999
0.848849 0.999998
0.84985 0.999998
0.850851 0.999998
0.851852 0.999997
0.852853 0.999997
0.853854 0.999996
0.854855 0.999996
0.855856 0.999995
0.856857 0.999994
0.857858 0.999993
0.858859 0.999992
0.85986 0.999991
0.860861 0.999989
0.861862 0.999988
0.862863 0.999986
0.863864 0.999984
0.864865 0.999981
0.865866 0.999978
0.866867 0.999975
0.867868 0.999971
0.868869 0.999966
0.86987 0.999962
0.870871 0.999956
0.871872 0.99995
0.872873 0.999942
0.873874 0.999934
0.874875 0.999924
0.875876 0.999914
0.876877 0.999901
0.877878 0.999889
0.878879 0.999872
0.87988 0.999856
0.880881 0.999835
0.881882 0.999814
0.882883 0.999788
0.883884 0.999761
0.884885 0.999728
0.885886 0.999694
0.886887 0.999652
0.887888 0.99961
0.888889 0.999558
0.88989 0.999505
0.890891 0.999439
0.891892 0.999374
0.892893 0.999292
0.893894 0.999211
0.894895 0.99911
0.895896 0.999009
0.896897 0.998885
0.897898 0.998761
0.898899 0.998608
0.8999 0.998456
0.900901 0.998269
0.901902 0.998083
0.902903 0.997856
0.903904 0.997629
0.904905 0.997354
0.905906 0.997079
0.906907 0.996747
0.907908 0.996415
0.908909 0.996016
0.90991 0.995617
0.910911 0.995138
0.911912 0.99466
0.912913 0.994089
0.913914 0.993519
0.914915 0.992841
0.915916 0.992162
0.916917 0.99136
0.917918 0.990558
0.918919 0.989612
0.91992 0.988666
0.920921 0.987556
0.921922 0.986446
0.922923 0.985148
0.923924 0.983849
0.924925 0.982338
0.925926 0.980826
0.926927 0.979073
0.927928 0.97732
0.928929 0.975294
0.92993 0.973269
0.930931 0.970939
0.931932 0.968609
0.932933 0.965939
0.933934 0.963268
0.934935 0.960221
0.935936 0.957173
0.936937 0.953709
0.937938 0.950244
0.938939 0.946322
0.93994 0.9424
0.940941 0.937977
0.941942 0.933554
0.942943 0.928586
0.943944 0.923618
0.944945 0.918061
0.945946 0.912504
0.946947 0.906313
0.947948 0.900121
0.948949 0.89325
0.94995 0.88638
0.950951 0.878786
0.951952 0.871192
0.952953 0.862832
0.953954 0.854472
0.954955 0.845306
0.955956 0.83614
0.956957 0.826131
0.957958 0.816121
0.958959 0.805234
0.95996 0.794346
0.960961 0.782552
0.961962 0.770757
0.962963 0.758031
0.963964 0.745304
0.964965 0.731627
0.965966 0.71795
0.966967 0.703311
0.967968 0.688671
0.968969 0.673063
0.96997 0.657456
0.970971 0.640883
0.971972 0.62431
0.972973 0.606782
0.973974 0.589254
0.974975 0.57079
0.975976 0.552327
0.976977 0.532955
0.977978 0.513583
0.978979 0.49334
0.97998 0.473097
0.980981 0.452027
0.981982 0.430958
0.982983 0.409116
0.983984 0.387274
0.984985 0.364722
0.985986 0.34217
0.986987 0.318977
0.987988 0.295784
0.988989 0.272028
0.98999 0.248272
0.990991 0.224036
0.991992 0.199801
0.992993 0.175174
0.993994 0.150547
0.994995 0.125623
0.995996 0.100699
0.996997 0.0755744
0.997998 0.05045
0.998999 0.025225
1 0
