0.010101 5.10152e-05 10000 0.028019
0 0
0.010101 0.000262721
0.020202 0.000525178
0.030303 0.000787105
0.040404 0.00104824
0.0505051 0.00130832
0.0606061 0.00156708
0.0707071 0.00182427
0.0808081 0.00207961
0.0909091 0.00233287
0.10101 0.00258377
0.111111 0.00283208
0.121212 0.00307753
0.131313 0.00331988
0.141414 0.00355889
0.151515 0.00379431
0.161616 0.00402592
0.171717 0.00425347
0.181818 0.00447674
0.191919 0.0046955
0.20202 0.00490954
0.212121 0.00511863
0.222222 0.00532256
0.232323 0.00552114
0.242424 0.00571415
0.252525 0.00590142
0.262626 0.00608274
0.272727 0.00625794
0.282828 0.00642683
0.292929 0.00658925
0.30303 0.00674504
0.313131 0.00689404
0.323232 0.0070361
0.333333 0.00717107
0.343434 0.00729882
0.353535 0.00741922
0.363636 0.00753215
0.373737 0.00763749
0.383838 0.00773515
0.393939 0.00782502
0.40404 0.00790701
0.414141 0.00798103
0.424242 0.00804702
0.434343 0.00810491
0.444444 0.00815464
0.454545 0.00819615
0.464646 0.00822941
0.474747 0.00825439
0.484848 0.00827106
0.494949 0.00827939
0.505051 0.00827939
0.515152 0.00827106
0.525253 0.00825439
0.535354 0.00822941
0.545455 0.00819615
0.555556 0.00815464
0.565657 0.00810491
0.575758 0.00804702
0.585859 0.00798103
0.59596 0.00790701
0.606061 0.00782502
0.616162 0.00773515
0.626263 0.00763749
0.636364 0.00753215
0.646465 0.00741922
0.656566 0.00729882
0.666667 0.00717107
0.676768 0.0070361
0.686869 0.00689404
0.69697 0.00674504
0.707071 0.00658925
0.717172 0.00642683
0.727273 0.00625794
0.737374 0.00608274
0.747475 0.00590142
0.757576 0.00571415
0.767677 0.00552114
0.777778 0.00532256
0.787879 0.00511863
0.79798 0.00490954
0.808081 0.0046955
0.818182 0.00447674
0.828283 0.00425347
0.838384 0.00402592
0.848485 0.00379431
0.858586 0.00355889
0.868687 0.00331988
0.878788 0.00307753
0.888889 0.00283208
0.89899 0.00258377
0.909091 0.00233287
0.919192 0.00207961
0.929293 0.00182427
0.939394 0.00156708
0.949495 0.00130832
0.959596 0.00104824
0.969697 0.000787105
0.979798 0.000525178
0.989899 0.000262721
1 0
