N J h steps 
2500 0.8 0 92000
-384 1
-382 1
-378 1
-376 8
-374 1
-372 3
-368 3
-362 1
-360 4
-356 2
-354 7
-352 1
-350 4
-348 3
-346 1
-344 10
-342 2
-340 13
-334 5
-332 11
-330 7
-328 25
-326 10
-324 13
-322 13
-320 14
-318 9
-316 11
-314 13
-312 14
-310 27
-308 2
-306 11
-304 14
-302 6
-300 25
-298 7
-296 17
-294 12
-292 7
-290 18
-288 28
-286 29
-284 28
-282 19
-280 16
-278 33
-276 30
-274 25
-272 28
-270 38
-268 24
-266 52
-264 36
-262 36
-260 30
-258 44
-256 46
-254 56
-252 27
-250 40
-248 49
-246 59
-244 56
-242 66
-240 67
-238 46
-236 70
-234 61
-232 63
-230 64
-228 83
-226 70
-224 92
-222 79
-220 91
-218 92
-216 110
-214 88
-212 120
-210 137
-208 91
-206 125
-204 127
-202 123
-200 125
-198 131
-196 166
-194 129
-192 122
-190 153
-188 131
-186 144
-184 142
-182 112
-180 177
-178 159
-176 144
-174 148
-172 125
-170 183
-168 189
-166 207
-164 179
-162 261
-160 244
-158 222
-156 256
-154 220
-152 223
-150 243
-148 254
-146 247
-144 322
-142 301
-140 293
-138 254
-136 260
-134 283
-132 334
-130 347
-128 420
-126 403
-124 344
-122 365
-120 380
-118 384
-116 354
-114 378
-112 370
-110 443
-108 424
-106 397
-104 407
-102 386
-100 454
-98 432
-96 488
-94 487
-92 411
-90 464
-88 520
-86 476
-84 495
-82 466
-80 513
-78 590
-76 563
-74 530
-72 582
-70 550
-68 567
-66 561
-64 509
-62 501
-60 535
-58 589
-56 552
-54 598
-52 595
-50 535
-48 610
-46 616
-44 614
-42 673
-40 670
-38 613
-36 591
-34 660
-32 720
-30 629
-28 712
-26 647
-24 653
-22 670
-20 659
-18 665
-16 655
-14 726
-12 629
-10 769
-8 664
-6 723
-4 653
-2 746
0 697
2 618
4 717
6 652
8 700
10 632
12 565
14 668
16 696
18 663
20 677
22 694
24 709
26 809
28 643
30 637
32 615
34 635
36 608
38 554
40 616
42 562
44 638
46 701
48 608
50 502
52 616
54 531
56 575
58 507
60 514
62 562
64 525
66 536
68 536
70 573
72 557
74 493
76 508
78 461
80 452
82 560
84 408
86 477
88 485
90 435
92 456
94 435
96 418
98 448
100 412
102 453
104 409
106 365
108 399
110 387
112 382
114 354
116 432
118 398
120 432
122 361
124 328
126 358
128 380
130 377
132 306
134 265
136 275
138 301
140 250
142 277
144 294
146 258
148 287
150 242
152 237
154 345
156 266
158 248
160 264
162 229
164 186
166 187
168 185
170 188
172 218
174 185
176 190
178 166
180 190
182 171
184 118
186 182
188 153
190 104
192 159
194 190
196 137
198 135
200 117
202 162
204 103
206 107
208 95
210 115
212 70
214 114
216 98
218 74
220 82
222 73
224 76
226 86
228 81
230 73
232 70
234 81
236 78
238 70
240 50
242 54
244 55
246 62
248 51
250 58
252 37
254 32
256 41
258 28
260 27
262 28
264 34
266 20
268 32
270 21
272 27
274 46
276 26
278 25
280 37
282 39
284 25
286 23
288 15
290 20
292 13
294 19
296 8
298 18
300 8
302 8
304 13
306 22
308 5
310 14
312 9
314 5
316 8
318 6
320 3
322 7
324 3
326 8
328 1
330 9
334 8
336 15
338 6
340 4
342 4
344 6
346 4
348 6
350 7
352 6
354 4
356 1
360 4
364 6
366 1
368 2
376 1
378 3
380 2
382 3
384 1
402 1
404 1
408 2
410 1
412 5
414 6
