N J h steps 
2500 0.8 0 92000
-1048 1
-1046 11
-1044 14
-1042 9
-1040 31
-1038 44
-1036 22
-1034 13
-1032 72
-1030 36
-1028 51
-1026 72
-1024 85
-1022 86
-1020 122
-1018 151
-1016 179
-1014 143
-1012 194
-1010 202
-1008 215
-1006 217
-1004 258
-1002 269
-1000 311
-998 450
-996 526
-994 546
-992 776
-990 853
-988 923
-986 1017
-984 918
-982 1046
-980 1073
-978 1236
-976 1390
-974 1473
-972 1515
-970 1788
-968 1972
-966 1944
-964 2149
-962 2136
-960 2213
-958 2097
-956 2253
-954 2369
-952 2322
-950 2327
-948 2538
-946 2529
-944 2713
-942 2560
-940 2587
-938 2481
-936 2674
-934 2412
-932 2278
-930 2479
-928 2355
-926 2211
-924 2116
-922 1933
-920 1857
-918 1524
-916 1557
-914 1615
-912 1527
-910 1327
-908 1105
-906 880
-904 840
-902 648
-900 594
-898 563
-896 474
-894 455
-892 409
-890 353
-888 325
-886 218
-884 115
-882 112
-880 109
-878 93
-876 74
-874 79
-872 41
-870 48
-868 19
-866 13
-864 7
-862 5
-860 2
-858 10
-856 7
-854 9
