N J h steps 
2500 8 0 10000
-626 1
-622 2
-620 3
-618 2
-600 1
-590 1
-588 1
-582 2
-580 3
-578 1
-574 2
-570 1
-568 1
-564 2
-558 7
-548 1
-546 1
-544 5
-538 1
-534 7
-532 2
-528 1
-522 2
-514 6
-512 1
-508 1
-506 1
-504 4
-502 4
-500 6
-496 2
-494 8
-492 2
-490 9
-488 2
-486 1
-484 18
-482 2
-480 6
-478 6
-476 12
-474 2
-472 2
-470 10
-468 2
-466 1
-462 4
-460 5
-458 1
-456 1
-450 1
-448 3
-446 2
-440 1
-438 8
-436 1
-434 1
-432 3
-430 13
-428 2
-426 2
-424 11
-422 4
-420 6
-418 5
-416 2
-412 7
-410 2
-408 3
-404 4
-402 1
-400 10
-398 6
-394 6
-392 11
-390 9
-388 1
-386 3
-384 9
-382 9
-380 8
-378 3
-376 9
-374 4
-372 9
-370 4
-368 4
-366 16
-364 11
-362 14
-360 15
-358 1
-356 7
-354 23
-352 8
-350 4
-348 4
-346 10
-344 13
-342 2
-340 11
-338 5
-336 3
-334 4
-332 6
-330 5
-328 5
-326 7
-324 9
-322 10
-320 5
-318 5
-316 9
-314 14
-312 9
-310 9
-308 6
-306 8
-304 13
-302 5
-300 6
-298 14
-296 10
-294 20
-292 13
-290 5
-288 14
-286 28
-284 2
-282 25
-280 15
-278 13
-276 10
-274 5
-272 9
-270 20
-268 17
-266 10
-264 23
-262 16
-260 33
-258 15
-256 9
-254 13
-252 16
-250 8
-248 7
-246 12
-244 17
-242 9
-240 16
-238 20
-236 5
-234 12
-232 19
-230 10
-228 24
-226 17
-224 10
-222 22
-220 28
-218 10
-216 12
-214 34
-212 18
-210 30
-208 18
-206 12
-204 19
-202 35
-200 12
-198 12
-196 21
-194 9
-192 19
-190 31
-188 21
-186 11
-184 14
-182 28
-180 11
-178 26
-176 13
-174 15
-172 13
-170 47
-168 35
-166 27
-164 19
-162 15
-160 11
-158 29
-156 20
-154 24
-152 25
-150 28
-148 28
-146 26
-144 13
-142 24
-140 40
-138 19
-136 20
-134 15
-132 14
-130 17
-128 35
-126 29
-124 31
-122 28
-120 23
-118 32
-116 25
-114 13
-112 30
-110 25
-108 54
-106 42
-104 17
-102 42
-100 25
-98 31
-96 26
-94 21
-92 30
-90 43
-88 13
-86 45
-84 30
-82 16
-80 32
-78 44
-76 24
-74 30
-72 43
-70 24
-68 29
-66 25
-64 35
-62 59
-60 21
-58 31
-56 39
-54 40
-52 43
-50 33
-48 43
-46 23
-44 53
-42 32
-40 50
-38 48
-36 34
-34 29
-32 58
-30 22
-28 53
-26 18
-24 35
-22 30
-20 32
-18 29
-16 23
-14 31
-12 31
-10 28
-8 29
-6 34
-4 47
-2 21
0 32
2 31
4 47
6 56
8 18
10 9
12 61
14 31
16 26
18 52
20 33
22 21
24 30
26 46
28 46
30 36
32 58
34 40
36 47
38 33
40 25
42 34
44 35
46 40
48 16
50 45
52 31
54 33
56 39
58 37
60 22
62 42
64 28
66 20
68 22
70 34
72 50
74 26
76 40
78 20
80 28
82 55
84 41
86 35
88 38
90 26
92 38
94 32
96 22
98 28
100 39
102 37
104 32
106 34
108 27
110 28
112 31
114 28
116 20
118 21
120 17
122 38
124 13
126 28
128 38
130 31
132 30
134 15
136 25
138 19
140 27
142 28
144 28
146 44
148 34
150 36
152 24
154 21
156 29
158 34
160 21
162 26
164 44
166 18
168 26
170 35
172 25
174 17
176 34
178 16
180 36
182 5
184 32
186 21
188 27
190 17
192 27
194 22
196 34
198 31
200 8
202 14
204 12
206 22
208 17
210 9
212 31
214 24
216 26
218 25
220 29
222 29
224 8
226 21
228 26
230 41
232 17
234 23
236 18
238 13
240 8
242 23
244 18
246 24
248 23
250 15
252 10
254 10
256 19
258 33
260 17
262 28
264 10
266 16
268 21
270 10
272 5
274 12
276 20
278 23
280 26
282 24
284 15
286 11
288 22
290 17
292 33
294 11
296 14
298 2
300 8
302 10
304 38
306 16
308 11
310 13
312 20
314 16
316 12
318 6
320 12
322 14
324 8
326 8
328 14
330 5
332 7
334 6
336 12
338 7
340 15
342 17
344 2
346 16
348 1
350 8
352 1
354 12
356 8
358 4
360 4
362 3
364 9
366 20
368 1
370 4
372 5
374 13
376 10
378 7
380 3
382 3
384 6
386 3
388 22
392 7
394 9
396 6
400 3
402 10
404 2
406 6
408 7
410 2
412 3
416 8
420 15
422 1
424 2
426 5
428 5
430 5
432 3
434 2
436 6
438 2
440 4
442 11
444 6
446 10
448 1
450 7
452 1
456 2
458 5
460 4
462 3
470 1
474 1
476 5
480 3
484 2
486 7
488 1
494 1
496 8
500 2
502 4
504 1
506 2
508 1
510 2
512 2
514 1
516 3
518 3
522 1
528 4
530 11
534 1
536 5
540 1
542 1
548 4
566 3
568 3
590 4
596 1
598 1
602 3
604 1
610 1
634 4
