10000 0.33 0 0 -9223372036854775808 0 -nan -0.805328 3.13949e-05 0.648908 5.05132e-05 0.422004 6.55075e-05 0.0264517 1.16348e-05 0.00109857 9.35564e-07 3.61227e-06 6.43638e-09 501000000
22500 0.33 0 0 -9223372036854775808 0 -nan -0.805333 3.10401e-05 0.64872 5.00057e-05 0.421248 6.49429e-05 0.0175939 1.12013e-05 0.000486214 6.10172e-07 7.09047e-07 2.01945e-09 501000000
2500 0.33 0 0 -9223372036854775808 0 -nan -0.805357 3.27121e-05 0.650024 5.26723e-05 0.426238 6.88046e-05 0.0529342 1.45531e-05 0.00439163 2.3424e-06 5.73606e-05 6.20505e-08 501000000
10000 0.35 0 0 -9223372036854775808 0 -nan -0.879819 2.61429e-05 0.774472 4.59875e-05 0.601013 7.12838e-05 0.0314254 1.21282e-05 0.00154996 1.1844e-06 7.18269e-06 1.1761e-08 501000000
22500 0.35 0 0 -9223372036854775808 0 -nan -0.879821 2.66515e-05 0.774259 4.68663e-05 0.600012 7.25256e-05 0.0209556 1.17916e-05 0.000689842 7.77036e-07 1.42814e-06 3.22295e-09 501000000
2500 0.35 0 0 -9223372036854775808 0 -nan -0.879761 2.71676e-05 0.775538 4.78163e-05 0.606301 7.46183e-05 0.062971 1.76528e-05 0.00620828 3.21069e-06 0.000114117 1.13735e-07 501000000
10000 0.37 0 0 -9223372036854775808 0 -nan -0.96196 2.78313e-05 0.9258 5.36368e-05 0.858711 9.97522e-05 0.0390751 1.14389e-05 0.00239491 1.32882e-06 1.71078e-05 1.99454e-08 501000000
22500 0.37 0 0 -9223372036854775808 0 -nan -0.961911 2.32743e-05 0.925466 4.47608e-05 0.857202 8.28412e-05 0.0260373 1.08137e-05 0.00106449 8.63143e-07 3.39317e-06 6.1592e-09 501000000
2500 0.37 0 0 -9223372036854775808 0 -nan -0.961894 2.89756e-05 0.926974 5.57614e-05 0.865719 0.00010395 0.0783112 1.15255e-05 0.00957731 2.6815e-06 0.000268978 1.58552e-07 501000000
10000 0.39 0 0 -9223372036854775808 0 -nan -1.05443 2.73407e-05 1.11233 5.75887e-05 1.23948 0.00012794 0.0522228 1.42822e-05 0.00427201 2.36642e-06 5.41439e-05 6.01846e-08 501000000
22500 0.39 0 0 -9223372036854775808 0 -nan -1.05444 2.9977e-05 1.11207 6.31535e-05 1.23767 0.000140243 0.0347922 1.17378e-05 0.00189912 1.39117e-06 1.07635e-05 1.88327e-08 441047000
2500 0.39 0 0 -9223372036854775808 0 -nan -1.05444 2.71362e-05 1.11382 5.68504e-05 1.24945 0.00012617 0.104909 1.20604e-05 0.0170879 3.76073e-06 0.000836938 3.83376e-07 501000000
10000 0.41 0 0 -9223372036854775808 0 -nan -1.16266 1.86138e-05 1.35236 4.31238e-05 1.83212 0.00011594 0.0810954 1.28276e-05 0.0102489 3.07984e-06 0.000305414 1.90274e-07 396747000
22500 0.41 0 0 -9223372036854775808 0 -nan -1.16263 2.84359e-05 1.35198 6.61218e-05 1.82927 0.000178875 0.0539488 1.30744e-05 0.00455504 2.11947e-06 6.13595e-05 6.04214e-08 312969000
2500 0.41 0 0 -9223372036854775808 0 -nan -1.16297 1.71254e-05 1.35491 3.97232e-05 1.84887 0.000107573 0.16408 1.78875e-05 0.0408436 8.4295e-06 0.00439739 1.78737e-06 464193000
10000 0.43 0 0 -9223372036854775808 0 -nan -1.30137 3.336e-05 1.69443 8.68678e-05 2.87697 0.000294882 0.207525 6.01311e-05 0.0627027 3.02928e-05 0.00911149 6.93675e-06 92745000
22500 0.43 0 0 -9223372036854775808 0 -nan -1.30049 2.81479e-05 1.69165 7.31948e-05 2.86418 0.000247659 0.137314 3.90206e-05 0.028671 1.44625e-05 0.00218386 2.02933e-06 84221000
2500 0.43 0 0 -9223372036854775808 0 -nan -1.31174 2.7727e-05 1.72456 7.23792e-05 3.00131 0.000248588 0.379871 5.70574e-05 0.18477 4.42135e-05 0.0573979 2.11395e-05 129093000
10000 0.45 0 0 -9223372036854775808 0 -nan -1.51305 2.51156e-05 2.29012 7.58037e-05 5.25191 0.000345725 0.749289 3.60889e-05 0.56363 5.02677e-05 0.322015 5.19958e-05 10975000
22500 0.45 0 0 -9223372036854775808 0 -nan -1.51304 2.49192e-05 2.28965 7.5257e-05 5.2457 0.000343374 0.7493 3.93513e-05 0.562418 5.80538e-05 0.318366 6.35411e-05 4863000
2500 0.45 0 0 -9223372036854775808 0 -nan -1.5131 2.18073e-05 2.29264 6.52423e-05 5.28487 0.000293805 0.749584 3.23254e-05 0.569759 4.10144e-05 0.337698 3.95076e-05 43488000
10000 0.47 0 0 -9223372036854775808 0 -nan -1.63424 1.53079e-05 2.67122 5.00316e-05 7.14053 0.000267355 0.851969 1.12729e-05 0.726134 1.91091e-05 0.528082 2.75081e-05 8606000
22500 0.47 0 0 -9223372036854775808 0 -nan -1.63423 1.66886e-05 2.67093 5.45388e-05 7.13616 0.000291327 0.851966 1.22803e-05 0.725972 2.08658e-05 0.5274 3.01429e-05 3351000
2500 0.47 0 0 -9223372036854775808 0 -nan -1.63424 1.56167e-05 2.67265 5.0879e-05 7.16333 0.000270713 0.851963 1.16168e-05 0.726974 1.89237e-05 0.53161 2.59837e-05 34149000
10000 0.49 0 0 -9223372036854775808 0 -nan -1.71428 1.21663e-05 2.9391 4.1701e-05 8.64225 0.000245067 0.896509 7.09385e-06 0.803838 1.26936e-05 0.646505 2.03337e-05 6790000
22500 0.49 0 0 -9223372036854775808 0 -nan -1.71431 1.48729e-05 2.93902 5.09251e-05 8.63959 0.000298579 0.896523 7.83265e-06 0.803801 1.40219e-05 0.646252 2.24747e-05 3000000
2500 0.49 0 0 -9223372036854775808 0 -nan -1.71429 1.09148e-05 2.94013 3.73827e-05 8.66017 0.000219636 0.896512 5.95181e-06 0.804171 1.05915e-05 0.648065 1.68218e-05 27025000
10000 0.51 0 0 -9223372036854775808 0 -nan -1.77258 1.11565e-05 3.14229 3.95249e-05 9.87713 0.0002481 0.923212 5.56407e-06 0.852377 1.02693e-05 0.726742 1.74938e-05 6424000
22500 0.51 0 0 -9223372036854775808 0 -nan -1.77259 1.18824e-05 3.14218 4.20073e-05 9.87468 0.000262532 0.923213 5.79187e-06 0.852347 1.06648e-05 0.726581 1.80815e-05 2857000
2500 0.51 0 0 -9223372036854775808 0 -nan -1.77259 9.51693e-06 3.1431 3.3617e-05 9.8917 0.000209994 0.92322 4.47274e-06 0.852564 8.20502e-06 0.727635 1.38252e-05 25420000
10000 0.53 0 0 -9223372036854775808 0 -nan -1.81679 9.9853e-06 3.30093 3.62526e-05 10.8987 0.000238976 0.941147 4.92681e-06 0.885793 9.26297e-06 0.784751 1.63738e-05 6209000
22500 0.53 0 0 -9223372036854775808 0 -nan -1.8168 1.00565e-05 3.30085 3.65205e-05 10.8968 0.000240841 0.941147 3.96788e-06 0.885773 7.46282e-06 0.784649 1.32007e-05 2745000
2500 0.53 0 0 -9223372036854775808 0 -nan -1.81679 7.74414e-06 3.30149 2.80981e-05 10.91 0.000185132 0.941145 3.18104e-06 0.885892 5.97136e-06 0.78529 1.05283e-05 24522000
10000 0.55 0 0 -9223372036854775808 0 -nan -1.85114 7.65225e-06 3.42686 2.83458e-05 11.7454 0.000194507 0.953945 2.9831e-06 0.910034 5.69073e-06 0.828244 1.03558e-05 5998000
22500 0.55 0 0 -9223372036854775808 0 -nan -1.85113 1.09782e-05 3.42677 4.06414e-05 11.7437 0.000278515 0.953946 4.24096e-06 0.910023 8.08911e-06 0.828178 1.47151e-05 1855000
2500 0.55 0 0 -9223372036854775808 0 -nan -1.85115 1.14834e-05 3.42735 4.24712e-05 11.755 0.000290626 0.953948 3.91487e-06 0.910108 7.45782e-06 0.828626 1.35368e-05 23830000
10000 0.57 0 0 -9223372036854775808 0 -nan -1.87823 7.63049e-06 3.52788 2.86564e-05 12.4477 0.000202115 0.963424 2.76832e-06 0.928202 5.33158e-06 0.861618 9.88867e-06 4101000
22500 0.57 0 0 -9223372036854775808 0 -nan -1.87824 1.03773e-05 3.52782 3.90111e-05 12.4463 0.000275666 0.963425 3.60115e-06 0.928194 6.94148e-06 0.86157 1.28959e-05 1815000
2500 0.57 0 0 -9223372036854775808 0 -nan -1.87825 7.34575e-06 3.52831 2.75504e-05 12.4557 0.00019388 0.963431 2.79683e-06 0.928262 5.37374e-06 0.861905 9.92054e-06 16215000
10000 0.59 0 0 -9223372036854775808 0 -nan -1.8999 1.0384e-05 3.60973 3.94707e-05 13.0315 0.000285172 0.970642 3.63245e-06 0.942157 7.05241e-06 0.887704 1.32925e-05 3993000
22500 0.59 0 0 -9223372036854775808 0 -nan -1.89989 9.03059e-06 3.60963 3.42909e-05 13.03 0.000247226 0.970638 3.05238e-06 0.942143 5.92256e-06 0.887653 1.11489e-05 1783000
2500 0.59 0 0 -9223372036854775808 0 -nan -1.89992 5.78804e-06 3.61007 2.19694e-05 13.0382 0.000158327 0.970648 2.00673e-06 0.942204 3.89884e-06 0.88792 7.36017e-06 15873000
10000 0.61 0 0 -9223372036854775808 0 -nan -1.91735 5.71624e-06 3.67631 2.19167e-05 13.5164 0.000161107 0.976232 1.88029e-06 0.953037 3.67012e-06 0.908311 6.9916e-06 3972000
22500 0.61 0 0 -9223372036854775808 0 -nan -1.91736 8.13992e-06 3.67632 3.11978e-05 13.5158 0.000229149 0.976236 2.64253e-06 0.953041 5.15775e-06 0.908301 9.82467e-06 1772000
2500 0.61 0 0 -9223372036854775808 0 -nan -1.91735 5.39768e-06 3.67654 2.06715e-05 13.5216 0.000151646 0.976232 1.75194e-06 0.953062 3.41601e-06 0.908456 6.49473e-06 15781000
10000 0.63 0 0 -9223372036854775808 0 -nan -1.93152 5.32482e-06 3.73081 2.05633e-05 13.9199 0.000153346 0.980626 1.67486e-06 0.961634 3.28361e-06 0.924764 6.31077e-06 3940000
22500 0.63 0 0 -9223372036854775808 0 -nan -1.93152 6.14528e-06 3.7308 2.37311e-05 13.9193 0.000176952 0.980628 1.91117e-06 0.961633 3.74775e-06 0.92475 7.20594e-06 2042000
2500 0.63 0 0 -9223372036854775808 0 -nan -1.93152 4.66258e-06 3.73101 1.79924e-05 13.9242 0.000134003 0.980626 1.56226e-06 0.961654 3.06104e-06 0.924877 5.87667e-06 15583000
10000 0.65 0 0 -9223372036854775808 0 -nan -1.94308 5.09084e-06 3.77561 1.97781e-05 14.256 0.000149268 0.98412 1.6579e-06 0.968498 3.26012e-06 0.938007 6.30319e-06 4537000
22500 0.65 0 0 -9223372036854775808 0 -nan -1.94308 6.42484e-06 3.77557 2.4987e-05 14.2553 0.00018897 0.984119 2.04694e-06 0.968493 4.02976e-06 0.937987 7.80911e-06 2021000
2500 0.65 0 0 -9223372036854775808 0 -nan -1.94308 3.78206e-06 3.77576 1.4678e-05 14.2595 0.000110566 0.984121 1.2029e-06 0.968513 2.36477e-06 0.938095 4.57006e-06 18115000
10000 0.67 0 0 -9223372036854775808 0 -nan -1.95257 4.80941e-06 3.81259 1.87609e-05 14.5365 0.00014275 0.986927 1.41676e-06 0.974028 2.79563e-06 0.948746 5.44286e-06 4524000
22500 0.67 0 0 -9223372036854775808 0 -nan -1.95257 6.8126e-06 3.81253 2.65913e-05 14.5357 0.000202568 0.986924 2.25714e-06 0.974021 4.45402e-06 0.948724 8.67185e-06 2009000
2500 0.67 0 0 -9223372036854775808 0 -nan -1.95257 3.8714e-06 3.81272 1.5112e-05 14.5394 0.000115156 0.986926 1.15662e-06 0.974039 2.28229e-06 0.948812 4.44353e-06 18041000
10000 0.69 0 0 -9223372036854775808 0 -nan -1.96039 3.61497e-06 3.84317 1.41776e-05 14.7705 0.000109041 0.989193 1.02158e-06 0.978506 2.02062e-06 0.957487 3.95265e-06 4518000
22500 0.69 0 0 -9223372036854775808 0 -nan -1.96039 4.41486e-06 3.84314 1.73059e-05 14.77 0.000132961 0.989193 1.27891e-06 0.978504 2.52972e-06 0.957475 4.94889e-06 2001000
2500 0.69 0 0 -9223372036854775808 0 -nan -1.96039 3.20367e-06 3.84327 1.2541e-05 14.7729 9.6105e-05 0.989193 9.70348e-07 0.978516 1.91752e-06 0.957542 3.74419e-06 18010000
10000 0.71 0 0 -9223372036854775808 0 -nan -1.96685 3.28395e-06 3.86854 1.29132e-05 14.966 9.98359e-05 0.991037 9.38611e-07 0.982156 1.86015e-06 0.964641 3.65297e-06 4433000
22500 0.71 0 0 -9223372036854775808 0 -nan -1.96685 4.34061e-06 3.86853 1.70717e-05 14.9657 0.000132039 0.991038 1.26119e-06 0.982157 2.49938e-06 0.964636 4.90807e-06 1968000
2500 0.71 0 0 -9223372036854775808 0 -nan -1.96685 3.19337e-06 3.86863 1.25536e-05 14.9681 9.70106e-05 0.991038 9.46257e-07 0.982165 1.87413e-06 0.964687 3.67598e-06 17833000
10000 0.73 0 0 -9223372036854775808 0 -nan -1.97222 2.90627e-06 3.88967 1.14731e-05 15.1299 8.94024e-05 0.992547 8.45507e-07 0.985151 1.67874e-06 0.97053 3.30893e-06 4462000
22500 0.73 0 0 -9223372036854775808 0 -nan -1.97222 2.30603e-06 3.88966 9.09504e-06 15.1296 7.07393e-05 0.992547 6.62501e-07 0.98515 1.315e-06 0.970524 2.59046e-06 3121000
2500 0.73 0 0 -9223372036854775808 0 -nan -1.97222 2.75823e-06 3.88975 1.08641e-05 15.1317 8.42817e-05 0.992547 7.76608e-07 0.985158 1.54062e-06 0.970567 3.03153e-06 17695000
10000 0.75 0 0 -9223372036854775808 0 -nan -1.97668 2.18165e-06 3.90727 8.62706e-06 15.2671 6.74526e-05 0.993786 6.1999e-07 0.987612 1.2324e-06 0.975383 2.43476e-06 7011000
22500 0.75 0 0 -9223372036854775808 0 -nan -1.97667 2.27208e-06 3.90725 8.98151e-06 15.2667 7.01741e-05 0.993785 6.54695e-07 0.987609 1.30117e-06 0.975375 2.56977e-06 3094000
2500 0.75 0 0 -9223372036854775808 0 -nan -1.97668 1.85233e-06 3.90733 7.31511e-06 15.2685 5.70474e-05 0.993786 5.26106e-07 0.987616 1.04489e-06 0.975411 2.06088e-06 27923000
10000 0.77 0 0 -9223372036854775808 0 -nan -1.98039 2.35575e-06 3.92197 9.32841e-06 15.3821 7.31382e-05 0.994808 6.16693e-07 0.989644 1.22662e-06 0.9794 2.4264e-06 6982000
22500 0.77 0 0 -9223372036854775808 0 -nan -1.98039 2.44546e-06 3.92196 9.68593e-06 15.3819 7.59758e-05 0.994807 7.10706e-07 0.989642 1.41401e-06 0.979394 2.79866e-06 3104000
2500 0.77 0 0 -9223372036854775808 0 -nan -1.98039 1.76667e-06 3.92201 6.99462e-06 15.3832 5.48233e-05 0.994807 5.10763e-07 0.989645 1.01559e-06 0.979419 2.00767e-06 27738000
10000 0.79 0 0 -9223372036854775808 0 -nan -1.98349 1.87435e-06 3.93427 7.43271e-06 15.4787 5.8441e-05 0.995653 5.14e-07 0.991325 1.02325e-06 0.98273 2.02765e-06 7000000
22500 0.79 0 0 -9223372036854775808 0 -nan -1.98349 1.73948e-06 3.93426 6.89965e-06 15.4785 5.42772e-05 0.995653 4.86152e-07 0.991325 9.67983e-07 0.982727 1.9188e-06 3120000
2500 0.79 0 0 -9223372036854775808 0 -nan -1.98349 1.48783e-06 3.9343 5.89781e-06 15.4796 4.63411e-05 0.995652 4.09098e-07 0.991328 8.14204e-07 0.982748 1.61259e-06 27747000
